Leyendo fichero y construyendo el cubo
11331703 celdas llenas insertadas en el cubo.
                                Volumen              Origen
   Obj     # celdas               nm^3      Tipo    (X, Y, Z=foto)
     1        49058             1577074.4     F     (9,3305,7)
     2        48551             1560775.8     C     (30,1425,3)
     3       101565             3265024.2     F     (34,3061,10)
     4        18620              598579.8     C     (76,764,5)
     5        15874              510303.7     F     (78,2847,8)
     6       206144             6626940.0     F     (101,3382,8)
     7         9596              308484.0     F     (103,604,1)
     8        26668              857299.9     F     (106,598,6)
     9       229965             7392716.5     F     (149,1201,7)
    10       128988             4146595.2     F     (177,1801,7)
    11      1278739            41107800.0     F     (179,1403,6)
    12        27232              875430.9     F     (224,2036,7)
    13            2                  64.3     C     (251,740,5)
    14       190666             6129366.5     F     (296,2123,3)
    15       100666             3236124.0     F     (409,784,6)
    16        87315             2806927.5     F     (416,892,6)
    17        37446             1203781.8     F     (418,1839,1)
    18        56533             1817374.2     F     (434,2361,2)
    19       473318            15215820.0     F     (441,1659,3)
    20        43611             1401968.9     F     (461,2508,2)
    21        79670             2561162.5     F     (465,3277,10)
    22       732105            23535082.0     F     (490,2618,6)
    23       100259             3223040.2     F     (510,42,2)
    24       107808             3465718.8     C     (519,1690,7)
    25        36945             1187676.1     F     (565,434,10)
    26        19775              635709.7     C     (574,2883,6)
    27         5654              181759.9     C     (589,2335,7)
    28       537869            17290950.0     F     (620,1835,2)
    29       174248             5601574.5     F     (628,3363,9)
    30         8706              279873.0     C     (651,272,8)
    31        47049             1512490.8     C     (660,318,4)
    32            1                  32.1     F     (672,245,1)
    33            1                  32.1     F     (672,248,1)
    34            2                  64.3     F     (672,254,1)
    35            1                  32.1     F     (674,243,1)
    36            1                  32.1     F     (676,240,1)
    37            1                  32.1     F     (678,234,1)
    38            1                  32.1     F     (679,267,1)
    39            1                  32.1     F     (681,268,1)
    40            1                  32.1     F     (683,223,1)
    41            2                  64.3     C     (683,1258,7)
    42            1                  32.1     F     (685,220,1)
    43            1                  32.1     F     (687,217,1)
    44            1                  32.1     F     (687,270,1)
    45            1                  32.1     F     (690,269,1)
    46            1                  32.1     F     (694,268,1)
    47            1                  32.1     F     (697,206,1)
    48            1                  32.1     F     (697,267,1)
    49        20165              648247.1     F     (700,2946,2)
    50            3                  96.4     F     (701,202,1)
    51        63706             2047965.8     F     (702,2816,10)
    52            1                  32.1     F     (703,265,1)
    53            2                  64.3     F     (706,197,1)
    54            1                  32.1     F     (707,264,1)
    55            1                  32.1     F     (711,193,1)
    56            1                  32.1     F     (714,261,1)
    57            3                  96.4     F     (715,189,1)
    58            1                  32.1     F     (718,258,1)
    59        22895              736008.8     F     (720,3372,3)
    60            1                  32.1     F     (721,184,1)
    61            2                  64.3     F     (722,255,1)
    62            1                  32.1     F     (723,183,1)
    63            2                  64.3     F     (725,183,1)
    64        25411              816891.0     C     (725,188,4)
    65            1                  32.1     F     (729,182,1)
    66            1                  32.1     F     (729,246,1)
    67            8                 257.2     F     (730,243,1)
    68         8246              265085.3     F     (732,245,10)
    69            1                  32.1     F     (733,771,10)
    70            1                  32.1     F     (739,182,1)
    71            1                  32.1     F     (741,183,1)
    72            1                  32.1     F     (746,185,1)
    73            1                  32.1     F     (746,229,1)
    74            1                  32.1     F     (751,227,1)
    75            1                  32.1     F     (755,228,1)
    76            1                  32.1     F     (756,190,1)
    77            1                  32.1     F     (759,192,1)
    78            2                  64.3     F     (759,229,1)
    79            1                  32.1     F     (762,194,1)
    80            3                  96.4     F     (765,229,1)
    81            3                  96.4     F     (767,198,1)
    82            1                  32.1     F     (771,222,1)
    83       115827             3723507.0     F     (772,525,8)
    84            1                  32.1     F     (773,209,1)
    85            1                  32.1     F     (773,219,1)
    86       161314             5185784.0     F     (779,728,10)
    87        25661              824927.8     F     (790,1886,9)
    88            1                  32.1     F     (806,1179,10)
    89       328114            10547926.0     F     (878,3336,10)
    90            4                 128.6     F     (888,1128,10)
    91            8                 257.2     F     (891,1127,10)
    92            1                  32.1     F     (893,1124,10)
    93            1                  32.1     F     (926,1099,10)
    94            1                  32.1     F     (949,1011,10)
    95       131879             4239532.5     F     (969,154,10)
    96        25952              834282.6     C     (1004,2171,4)
    97        15711              505063.7     C     (1013,401,3)
    98       141176             4538404.5     F     (1052,2045,6)
    99       105242             3383229.2     F     (1056,544,4)
   100         6444              207156.2     F     (1075,1820,10)
   101        16350              525605.8     F     (1080,540,1)
   102        85317             2742697.5     F     (1089,3382,7)
   103        33456             1075514.6     F     (1118,2049,1)
   104       728553            23420896.0     F     (1143,2407,10)
   105       970895            31211498.0     F     (1221,788,7)
   106       218177             7013766.5     F     (1236,2632,6)
   107        12292              395152.6     C     (1247,2852,4)
   108       108798             3497544.5     F     (1285,2999,4)
   109         2038               65515.9     C     (1344,218,2)
   110         6277              201787.6     C     (1345,1407,7)
   111       461844            14846963.0     F     (1357,336,2)
   112       376599            12106580.0     F     (1372,1817,10)
   113         3015               96923.6     C     (1396,185,3)
   114        25799              829364.1     F     (1420,1124,6)
   115            1                  32.1     F     (1479,1064,10)
   116       174008             5593859.5     F     (1498,1276,6)
   117        11039              354872.3     F     (1606,922,1)
   118       120374             3869679.5     F     (1653,2577,7)
   119        21515              691645.8     C     (1654,613,5)
   120            1                  32.1     F     (1672,1073,10)
   121        35560             1143152.2     F     (1673,3004,2)
   122        11868              381522.2     C     (1698,2129,5)
   123         6441              207059.7     F     (1704,906,1)
   124            1                  32.1     F     (1755,460,10)
   125       646282            20776118.0     F     (1755,469,10)
   126         7206              231652.3     C     (1783,3155,5)
   127         4471              143729.9     C     (1787,3045,7)
   128        25230              811072.3     C     (1789,158,5)
   129       151769             4878939.0     F     (1810,2043,5)
   130        88219             2835988.5     F     (1870,3236,10)
   131        29479              947665.5     F     (1913,218,7)
   132            1                  32.1     F     (1931,544,10)
   133        38426             1235286.0     F     (1951,1170,2)
   134        30880              992703.7     F     (1992,786,6)
   135        87702             2819368.2     F     (2010,2076,8)
   136       133605             4295018.5     F     (2013,1774,2)
   137        69160             2223296.2     F     (2062,168,10)
   138        70610             2269909.5     F     (2074,3028,1)
   139        68760             2210437.2     F     (2102,2049,1)
   140         6407              205966.7     C     (2134,1087,3)
   141       152954             4917033.5     F     (2153,3225,2)
   142        50629             1627577.5     F     (2165,1349,8)
   143         8166              262513.5     F     (2182,2329,1)
   144         7373              237020.8     F     (2199,1176,1)
   145        29234              939789.5     F     (2219,1862,1)
   146            1                  32.1     F     (2246,1335,10)
   147         8774              282059.0     C     (2251,2521,2)
   148         7672              246632.9     F     (2272,2587,10)
   149            1                  32.1     C     (2284,1025,5)
   150            1                  32.1     F     (2333,1455,10)
Total = 11331703 celdas encontradas en objetos
